0 0.61865234375 0.3237744769313305 0.1202392578125 0.07681785223310086
0 0.09283447265625 0.34525466067596566 0.16259765625 0.09895291962848712
0 0.30419921875 0.37564126207081544 0.12445068359375 0.1212189637540236
0 0.54541015625 0.3085811762339056 0.0755615234375 0.05183404095694742
0 0.888671875 0.36018600791309013 0.11798095703125 0.07852054972505365
0 0.72314453125 0.3688304721030043 0.09857177734375 0.08035422394715665
0 0.375 0.35494693870708155 0.060516357421875 0.06542287671003219
0 0.425048828125 0.40314637540236054 0.06951904296875 0.05409338955203863
0 0.787109375 0.364377263277897 0.0592041015625 0.05242343624262339
0 0.9723968505859375 0.3470883348980687 0.055206298828125 0.05857934255968348
0 0.01287078857421875 0.3580903802306867 0.0189056396484375 0.034381391664431334