0 0.07310344827586207 0.3793103448275862 0.09241379310344831 0.10022988505747124
0 0.9148275862068964 0.354022988505747 0.1289655172413793 0.1158620689655172
0 0.1779310344827586 0.4280459770114941 0.08965517241379314 0.06528735632183907
0 0.33349609375 0.4407552083333333 0.056121826171875 0.051106770833333336
0 0.79248046875 0.4495442708333333 0.07275390625 0.06563313802083333
0 0.2496337890625 0.4524739583333333 0.06707763671875 0.052734375
0 0.74462890625 0.419921875 0.053985595703125 0.047770182291666664
0 0.4658203125 0.4479166666666667 0.05108642578125 0.049031575520833336
0 0.65869140625 0.431640625 0.0469970703125 0.047403971354166664
0 0.57373046875 0.4459635416666667 0.04107666015625 0.03863525390625
0 0.8486328125 0.419921875 0.04345703125 0.049601236979166664