0 0.2349853515625 0.5384114583333334 0.042724609375 0.039754231770833336
0 0.286865234375 0.5387369791666666 0.0238189697265625 0.0250244140625
0 0.35205078125 0.5725911458333334 0.03173828125 0.0364990234375
0 0.204833984375 0.5504557291666666 0.0274810791015625 0.038492838541666664
0 0.60498046875 0.5751953125 0.01861572265625 0.016703287760416668
0 0.51513671875 0.5699869791666666 0.017578125 0.015401204427083334
0 0.6455078125 0.5774739583333334 0.01029205322265625 0.017496744791666668
0 0.84716796875 0.6064453125 0.02288818359375 0.0186767578125
0 0.420166015625 0.5524088541666666 0.031982421875 0.041280110677083336
0 0.87841796875 0.59375 0.0217742919921875 0.018178304036458332
0 0.2763671875 0.5546875 0.0390625 0.044352213541666664
0 0.84130859375 0.5797526041666666 0.015716552734375 0.016072591145833332
0 0.1812744140625 0.576171875 0.05450439453125 0.04931640625
0 0.1536865234375 0.5416666666666666 0.044921875 0.043212890625