0 0.96826171875 0.5520833333333334 0.033203125 0.035013834635416664
0 0.564453125 0.5436197916666666 0.040252685546875 0.040669759114583336
0 0.31298828125 0.578125 0.038909912109375 0.040059407552083336
0 0.399169921875 0.5537109375 0.04217529296875 0.048095703125
0 0.060089111328125 0.5472005208333334 0.0276336669921875 0.026590983072916668
0 0.457763671875 0.5628255208333334 0.01554107666015625 0.02001953125
0 0.22509765625 0.5677083333333334 0.033905029296875 0.031941731770833336
0 0.28076171875 0.5608723958333334 0.033538818359375 0.03643798828125
0 0.126953125 0.580078125 0.034423828125 0.033894856770833336
0 0.63818359375 0.5550130208333334 0.02880859375 0.02972412109375
0 0.438720703125 0.5621744791666666 0.02069091796875 0.024495442708333332
0 0.67919921875 0.5589192708333334 0.028106689453125 0.030293782552083332
0 0.52197265625 0.5735677083333334 0.034027099609375 0.038492838541666664
0 0.492919921875 0.564453125 0.027587890625 0.029764811197916668
0 0.2462158203125 0.5641276041666666 0.0182342529296875 0.022908528645833332
0 0.7470703125 0.5690104166666666 0.0202484130859375 0.019561767578125
0 0.07763671875 0.5748697916666666 0.0293731689453125 0.030354817708333332
0 0.80224609375 0.5491536458333334 0.0330810546875 0.040059407552083336
0 0.472412109375 0.5680338541666666 0.0180511474609375 0.021199544270833332
0 0.9013671875 0.5524088541666666 0.027374267578125 0.02593994140625
0 0.71533203125 0.5748697916666666 0.037200927734375 0.036844889322916664
0 0.340087890625 0.5625 0.0213623046875 0.02838134765625
0 0.24527616279069767 0.5927002583979328 0.02180232558139535 0.025839793281653794
0 0.370849609375 0.5703125 0.016021728515625 0.01702880859375