0 0.2954811683067909 0.1396484375 0.09328079223632812 0.047698974609375
0 0.6730199960561899 0.1571044921875 0.06122126946082482 0.0299224853515625
0 0.9000584528996394 0.2288818359375 0.19907261775090143 0.10931396484375
0 0.3256548368013822 0.348876953125 0.14856852017916167 0.093994140625
0 0.5773473886343149 0.1865234375 0.03730311760535607 0.0199432373046875
0 0.32252707848182094 0.12188720703125 0.06342909886286809 0.033660888671875
0 0.3815865149864784 0.150634765625 0.04001690791203426 0.0256195068359375
0 0.7823075514573318 0.26806640625 0.1303539276123047 0.11181640625
0 0.19833667461688703 0.1951904296875 0.02289473093472994 0.01267242431640625
0 0.38784203162560094 0.1805419921875 0.02520605233999399 0.0199127197265625
0 0.4213274442232572 0.2218017578125 0.044432566716120794 0.03594970703125
0 0.3926256619966947 0.22216796875 0.023515682954054613 0.0165252685546875
0 0.48977015568659854 0.2337646484375 0.022204784246591423 0.01137542724609375
0 0.1020201169527494 0.2548828125 0.02245776469890888 0.0115966796875
0 0.11269129239595853 0.2476806640625 0.022204784246591423 0.010406494140625
0 0.08095374474158654 0.243408203125 0.021606830450204704 0.011871337890625