0 0.5053799999999999 0.3456756756756757 0.014960000000000001 0.019459459459459462
0 0.1449 0.12261261261261261 0.12 0.12573573573573574
0 0.5669 0.3442042042042042 0.01302 0.01816816816816817
0 0.39376 0.2468168168168168 0.08376 0.07321321321321321
0 0.9592200000000001 0.29345345345345347 0.08154 0.08537537537537537
0 0.29516000000000003 0.3278978978978979 0.04996 0.061771771771771775
0 0.78222 0.375015015015015 0.05912 0.06168168168168168
0 0.8852599999999999 0.37099099099099103 0.03086 0.029609609609609608
0 0.64 0.2378978978978979 0.09 0.09477477477477476
0 0.48657999999999996 0.3594294294294294 0.01764 0.01975975975975976
0 0.42968 0.3326726726726727 0.01268 0.015615615615615617
0 0.5409400000000001 0.32891891891891895 0.04938 0.06663663663663665