0 0.97958 0.23403614457831326 0.04084 0.09668674698795181
0 0.7787999999999999 0.31933734939759034 0.09368000000000001 0.08530120481927711
0 0.96876 0.35629518072289157 0.040780000000000004 0.05858433734939759
0 0.5971599999999999 0.3542469879518072 0.027440000000000003 0.053222891566265064
0 0.45677999999999996 0.37394578313253013 0.04486 0.05271084337349398
0 0.6577200000000001 0.40370481927710844 0.03442 0.03542168674698795
0 0.302 0.28018072289156626 0.08588 0.09030120481927711
0 0.14562 0.3353313253012048 0.051 0.04909638554216868
0 0.1103 0.36069277108433734 0.032659999999999995 0.04219879518072289
0 0.36594 0.38969879518072287 0.04938 0.06963855421686747
0 0.5575 0.28990963855421686 0.07126 0.09036144578313253