0 0.17872 0.24870870870870868 0.06420000000000001 0.06708708708708709
0 0.5122000000000001 0.2578978978978979 0.0324 0.03903903903903904
0 0.5424800000000001 0.25642642642642643 0.03522 0.045975975975975976
0 0.60742 0.22819819819819817 0.041479999999999996 0.05210210210210211
0 0.36595999999999995 0.38672672672672675 0.0799 0.09549549549549549
0 0.40552 0.2511111111111111 0.02084 0.03165165165165165
0 0.2815 0.5018318318318319 0.14221999999999999 0.1687987987987988
0 0.47143999999999997 0.25294294294294295 0.02696 0.042192192192192196
0 0.6377 0.22453453453453454 0.02392 0.02882882882882883
0 0.5498 0.33723723723723725 0.044340000000000004 0.05456456456456457
0 0.5117200000000001 0.3348648648648649 0.03986 0.04921921921921922
0 0.5918 0.37975975975975973 0.0545 0.07351351351351351
0 0.56396 0.44465465465465465 0.0506 0.07309309309309309
0 0.53222 0.41276276276276275 0.04336 0.04024024024024024
0 0.51562 0.4527327327327327 0.05262 0.06657657657657658
0 0.979 0.22837837837837838 0.01968 0.025285285285285286
0 0.6479400000000001 0.35666666666666663 0.04202 0.05396396396396396