0 0.88525390625 0.3218587239583333 0.0268096923828125 0.0318145751953125
0 0.77294921875 0.59814453125 0.043212890625 0.07756551106770833
0 0.830078125 0.3206380208333333 0.029083251953125 0.041961669921875
0 0.443359375 0.3228759765625 0.0250396728515625 0.033442179361979164
0 0.397705078125 0.3505452473958333 0.0237274169921875 0.036366780598958336
0 0.42529296875 0.49560546875 0.0394287109375 0.066680908203125
0 0.9462890625 0.4850260416666667 0.0305023193359375 0.041656494140625
0 0.59130859375 0.3340657552083333 0.0200958251953125 0.032806396484375
0 0.20222222222222222 0.5074074074074074 0.04 0.05185185185185181
0 0.5576171875 0.3546142578125 0.02288818359375 0.0418853759765625
0 0.9755859375 0.3631591796875 0.029815673828125 0.051218668619791664
0 0.66162109375 0.322265625 0.0199127197265625 0.022989908854166668
0 0.2257080078125 0.533447265625 0.020599365234375 0.0380706787109375