0 0.2831454005934718 0.2722222222222222 0.1990207715133531 0.10248888888888888
0 0.6832937685459941 0.27684444444444445 0.20065281899109794 0.12146666666666665
0 0.45738872403560826 0.23035555555555554 0.18516320474777448 0.0962
0 0.8039169139465876 0.18188888888888888 0.17881305637982195 0.11517777777777777
0 0.9434421364985163 0.16173333333333334 0.10130563798219584 0.08648888888888889
0 0.43228486646884273 0.115 0.14026706231454006 0.07208888888888888
0 0.5789910979228486 0.16406666666666667 0.1527299703264095 0.08226666666666667
0 0.20439169139465874 0.17944444444444443 0.15590504451038575 0.0824
0 0.03507418397626113 0.06244444444444445 0.06181008902077151 0.03515555555555556
0 0.04320474777448071 0.1532 0.08643916913946587 0.07184444444444445
0 0.8378338278931752 0.08313333333333332 0.11427299703264095 0.07262222222222223
0 0.734807121661721 0.048400000000000006 0.10335311572700297 0.060844444444444444
0 0.29356083086053414 0.11577777777777779 0.07225519287833829 0.056466666666666665
0 0.2777448071216617 0.02342222222222222 0.045816023738872405 0.024622222222222222
0 0.055637982195845696 0.2546222222222222 0.11127596439169139 0.09444444444444444
0 0.37391691394658755 0.055 0.11320474777448071 0.05117777777777778
0 0.11385756676557862 0.18224444444444446 0.08572700296735905 0.08104444444444445
0 0.11563798219584569 0.11517777777777777 0.10887240356083086 0.05793333333333334
0 0.3191691394658754 0.10053333333333334 0.08293768545994065 0.05013333333333333
0 0.9343323442136499 0.09502222222222222 0.09893175074183977 0.051755555555555555
0 0.18762611275964391 0.09875555555555555 0.08712166172106825 0.053000000000000005
0 0.4779228486646884 0.05091111111111111 0.07620178041543027 0.046288888888888886
0 0.5369139465875371 0.055511111111111115 0.08955489614243323 0.04577777777777778
0 0.014124629080118694 0.06842222222222222 0.028278931750741837 0.038822222222222216
0 0.713946587537092 0.13244444444444445 0.11442136498516321 0.06335555555555555
0 0.049020771513353115 0.09753333333333333 0.09086053412462908 0.048666666666666664
0 0.1980415430267062 0.025177777777777778 0.05391691394658754 0.03173333333333333
0 0.3224035608308605 0.05611111111111111 0.06207715133531158 0.03824444444444445
0 0.9369436201780416 0.13355555555555557 0.09281899109792285 0.04322222222222222
0 0.533353115727003 0.08537777777777777 0.08875370919881306 0.04122222222222222
0 0.6744510385756677 0.1703777777777778 0.08777448071216616 0.07593333333333334
0 0.6451632047477744 0.10033333333333333 0.06744807121661721 0.04371111111111112
0 0.5776854599406528 0.1084 0.08525222551928784 0.04162222222222222
0 0.7465578635014837 0.10466666666666667 0.08572700296735905 0.042977777777777774
0 0.9082492581602374 0.059333333333333335 0.07249258160237389 0.03493333333333334
0 0.1799406528189911 0.06982222222222223 0.07344213649851632 0.026111111111111113
0 0.249080118694362 0.06597777777777777 0.063946587537092 0.04037777777777778
0 0.691780415430267 0.08526666666666666 0.037537091988130565 0.028666666666666667
0 0.27139465875370916 0.1034 0.0799406528189911 0.039066666666666666
0 0.4942136498516321 0.1713777777777778 0.030385756676557865 0.033022222222222224
0 0.1342433234421365 0.0869111111111111 0.03973293768545994 0.01873333333333333
0 0.3072700296735905 0.08208888888888888 0.05183976261127596 0.023911111111111112
0 0.9205044510385756 0.1824 0.10756676557863501 0.07593333333333334