0 0.5473600000000001 0.4530930930930931 0.08312 0.12105105105105106
0 0.7670800000000001 0.2974774774774775 0.13134 0.13315315315315315
0 0.20166 0.5194294294294294 0.05224 0.058738738738738736
0 0.39868000000000003 0.42924924924924923 0.0805 0.10036036036036036
0 0.30126 0.49303303303303303 0.05146 0.05996996996996996
0 0.09754 0.4116516516516517 0.05594 0.06054054054054054
0 0.31372000000000005 0.41240240240240245 0.038979999999999994 0.04018018018018018
0 0.1665 0.45747747747747747 0.0308 0.03141141141141141
0 0.19604 0.45456456456456457 0.03562 0.03744744744744745
0 0.22863999999999998 0.48096096096096097 0.038979999999999994 0.056996996996997
0 0.12916 0.473993993993994 0.02488 0.026396396396396394
0 0.12812 0.44435435435435433 0.018760000000000002 0.02720720720720721