0 0.587890625 0.5464441636029411 0.0738525390625 0.07526173311121323
0 0.7255859375 0.5126953125 0.11859130859375 0.14172722311580882
0 0.71142578125 0.1404706169577206 0.052520751953125 0.06606158088235294
0 0.21728515625 0.16847498276654413 0.08465576171875 0.10528564453125
0 0.472412109375 0.2951229319852941 0.048492431640625 0.053450640510110295
0 0.52685546875 0.3294103285845588 0.042083740234375 0.04873836741727941
0 0.456298828125 0.33910414751838236 0.01678466796875 0.02488528980928309
0 0.2841796875 0.26693905101102944 0.0638427734375 0.0655679141773897
0 0.61181640625 0.28130026424632354 0.0509033203125 0.0632790958180147
0 0.379638671875 0.2674775965073529 0.0548095703125 0.05228379193474265
0 0.6875 0.3642362706801471 0.0182647705078125 0.03365909352022059