0 0.57470703125 0.31585248496720114 0.0233306884765625 0.02858242557625729
0 0.64990234375 0.47297797467201164 0.02752685546875 0.03131833090379009
0 0.29248046875 0.44806566599854225 0.0230712890625 0.0345435851516946
0 0.43359375 0.26122335094752186 0.021453857421875 0.027136621947886297
0 0.48828125 0.3338249362244898 0.0229339599609375 0.03169646416044096
0 0.490234375 0.30446400100218657 0.0229339599609375 0.026424841700072886
0 0.467041015625 0.35250916772959184 0.0247039794921875 0.033876291169369535
0 0.116943359375 0.24431857006195334 0.0244293212890625 0.036834627824344025
0 0.82666015625 0.40820597212099125 0.0205230712890625 0.027937374726676383
0 0.658203125 0.7715697886297376 0.02069091796875 0.032541703204719385
0 0.44970703125 0.5153288994169096 0.02215576171875 0.023733422638028426
0 0.1605224609375 0.31514070471938777 0.026611328125 0.01791684342542821
0 0.465576171875 0.43418595116618075 0.0220794677734375 0.033876291169369535