0 0.689453125 0.5898665364583333 0.154052734375 0.18642008463541668
0 0.88720703125 0.48499186197916666 0.06781005859375 0.0804217529296875
0 0.52685546875 0.3351708984375 0.0272216796875 0.03397725423177083
0 0.60400390625 0.3839697265625 0.038543701171875 0.07004130045572916
0 0.92041015625 0.3413777669270833 0.0265045166015625 0.02908131917317708
0 0.415283203125 0.34437418619791665 0.0162811279296875 0.025335795084635418
0 0.441162109375 0.32339925130208336 0.0192413330078125 0.030124715169270833
0 0.45263671875 0.29493326822916666 0.01242828369140625 0.018326314290364583
0 0.677734375 0.2904386393229167 0.012481689453125 0.01452728271484375
0 0.654296875 0.28294759114583334 0.01111602783203125 0.015102488199869792
0 0.77392578125 0.30798909505208333 0.0226287841796875 0.023636932373046874
0 0.71044921875 0.40858317057291665 0.049957275390625 0.092781982421875
0 0.7236328125 0.3092732747395833 0.01312255859375 0.015035603841145833
0 0.6044921875 0.2833756510416667 0.01036834716796875 0.014982096354166667
0 0.6953125 0.2784529622395833 0.0083465576171875 0.013544082641601562
0 0.70361328125 0.37134195963541666 0.0304412841796875 0.04275248209635417