0 0.44604166666666667 0.26203125 0.04672916666666667 0.053000000000000005
0 0.5722708333333333 0.30065624999999996 0.016854166666666667 0.029125
0 0.348875 0.29021875 0.03747916666666666 0.04
0 0.7094791666666667 0.2708125 0.042229166666666665 0.044125
0 0.7998125 0.2814375 0.057916666666666665 0.06
0 0.2990625 0.2574375 0.051854166666666666 0.06837499999999999
0 0.5126875 0.3228125 0.0268125 0.029031249999999998
0 0.5996041666666667 0.23181250000000003 0.059958333333333336 0.0648125
0 0.2474375 0.24975 0.057374999999999995 0.0693125
0 0.6879791666666667 0.31915625 0.012479166666666668 0.029625000000000002
0 0.5493333333333333 0.294125 0.03370833333333333 0.049625