0 0.7565999999999999 0.4273 0.035425 0.039799999999999995
0 0.704525 0.43286666666666673 0.027075000000000002 0.026866666666666667
0 0.65625 0.5291666666666667 0.045825 0.045366666666666666
0 0.5895750000000001 0.5453666666666667 0.041675000000000004 0.048133333333333334
0 0.609375 0.4852 0.0382 0.037033333333333335
0 0.58855 0.5120333333333333 0.040975000000000004 0.029633333333333334
0 0.5041749999999999 0.5023 0.033325 0.030566666666666666
0 0.365275 0.5435333333333333 0.040275 0.048133333333333334
0 0.421175 0.4324 0.024300000000000002 0.025933333333333333
0 0.29895 0.4310333333333333 0.03265 0.043533333333333334
0 0.32015 0.4393666666666667 0.015275 0.025
0 0.366675 0.43610000000000004 0.008325 0.022233333333333334