0 0.2213134765625 0.7478181306306306 0.044189453125 0.038971772065033786
0 0.437255859375 0.4054347316066066 0.0218658447265625 0.02598118137668919
0 0.124755859375 0.7430526229354354 0.04620361328125 0.04410385727524399
0 0.78564453125 0.40470157657657657 0.01495361328125 0.018237231371996995
0 0.38134765625 0.5300710867117117 0.040771484375 0.04719685505818318
0 0.393310546875 0.4417259055930931 0.02044677734375 0.02680598078547297
0 0.57763671875 0.6565403293918919 0.042572021484375 0.05196236275337838
0 0.288818359375 0.28116495401651653 0.026702880859375 0.030655044693130632
0 0.01631927490234375 0.7756780217717718 0.0326385498046875 0.04838823198198198
0 0.468505859375 0.5080764358108109 0.027801513671875 0.04385183523367117
0 0.53955078125 0.6451764264264265 0.04345703125 0.04676154425910285
0 0.42041015625 0.6701036974474475 0.04052734375 0.051000096776463964
0 0.439453125 0.7976726726726727 0.05126953125 0.06809177341403903
0 0.2178955078125 0.04554725624061562 0.022979736328125 0.03523726363081832
0 0.5048828125 0.5557315127627628 0.0318603515625 0.04948796452702703
0 0.49462890625 0.7896079673423423 0.052337646484375 0.0701537719359985
0 0.65283203125 0.6979635885885885 0.054901123046875 0.07404865803303304
0 0.59619140625 0.8042710679429429 0.05419921875 0.07528585714620871
0 0.9296875 0.8863844313063063 0.07977294921875 0.08335056247653903
0 0.9786911010742188 0.8160015484234234 0.0426177978515625 0.06190577784816066
0 0.91259765625 0.7122601116741741 0.00945281982421875 0.012681290910050675
0 0.84619140625 0.706394871433934 0.00916290283203125 0.013231157182573198
0 0.346923828125 0.7426860454204204 0.030792236328125 0.0407130152613551
0 0.26123046875 0.8717213307057057 0.048858642578125 0.0679543068459084
0 0.83447265625 0.8438614395645646 0.009674072265625 0.014582911769191065
0 0.428955078125 0.7595486111111112 0.044097900390625 0.057415203289226724
0 0.394287109375 0.636745143581081 0.02191162109375 0.04719685505818318
0 0.8740234375 0.7001630536786787 0.00815582275390625 0.011867947048611112
0 0.50048828125 0.5220063813813813 0.03460693359375 0.04181274780640015
0 0.489501953125 0.49927857545045046 0.0147857666015625 0.01688547678537913
0 0.48876953125 0.5150414085960962 0.017242431640625 0.0293262012012012
0 0.36328125 0.5414349896771772 0.01036834716796875 0.03070086688250751
0 0.513671875 0.511742210960961 0.01267242431640625 0.024721071168825076
0 0.87890625 0.6990633211336337 0.00806427001953125 0.012200157921593468
0 0.50244140625 0.5036775056306306 0.015838623046875 0.013334257108671171