0 0.5727599999999999 0.41715447154471547 0.018699999999999998 0.02035230352303523
0 0.90722 0.4340379403794038 0.01456 0.015176151761517613
0 0.31616000000000005 0.36289972899728995 0.02886 0.038238482384823844
0 0.604 0.38010840108401084 0.04458 0.04417344173441735
0 0.7739199999999999 0.42739837398373987 0.01526 0.018401084010840108
0 0.10706 0.36157181571815716 0.04052 0.033929539295392955
0 0.40406 0.32850948509485095 0.05176 0.048807588075880766
0 0.49976 0.3695121951219512 0.04068 0.03802168021680217
0 0.27734 0.3316531165311653 0.05988 0.05482384823848239
0 0.8252 0.39235772357723575 0.05664 0.05455284552845528
0 0.88518 0.40742547425474257 0.04206 0.03924119241192412