0 0.10284423828125 0.19890050918530353 0.09320068359375 0.09974275534145367
0 0.31005859375 0.14888288114017573 0.05718994140625 0.061083906374800316
0 0.2462158203125 0.12187531200079872 0.051361083984375 0.06283891086761183
0 0.2109375 0.3671859399960064 0.1300048828125 0.16692042731629392
0 0.349609375 0.07731769793330671 0.0439453125 0.05245513428514377
0 0.91162109375 0.11797530201677316 0.093994140625 0.09252773687100639
0 0.478271484375 0.21079553963658146 0.115966796875 0.14625037440095848
0 0.63720703125 0.2328305960463259 0.097412109375 0.1123202875399361
0 0.346435546875 0.24882063698083068 0.0966796875 0.11329529003594249
0 0.82275390625 0.3164858102036741 0.11419677734375 0.13962035742811502
0 0.51611328125 0.10676277331269968 0.061187744140625 0.07283268645167731
0 0.716796875 0.07166268345646964 0.060302734375 0.06966392833965655
0 0.7724609375 0.16370291907947285 0.06732177734375 0.08497146752695688
0 0.08447265625 0.3539259060503195 0.12420654296875 0.14088786067292333
0 0.568359375 0.18817548172923323 0.0701904296875 0.08116895779253194
0 0.274658203125 0.19558550069888178 0.0755615234375 0.08965147950778754
0 0.4033203125 0.11310028953674121 0.06890869140625 0.07892645205171725
0 0.6318359375 0.09740274935103833 0.06561279296875 0.08146145854133387
0 0.70458984375 0.1783279565195687 0.0782470703125 0.10120525908546325
0 0.564453125 0.07746394830770767 0.052703857421875 0.06157140762280351
0 0.974395751953125 0.2837257263378594 0.05120849609375 0.1423503644169329