0 0.17236328125 0.1446106513582827 0.0196380615234375 0.0247433555162424
0 0.4755859375 0.11529893498290274 0.053985595703125 0.0628903281724924
0 0.29345703125 0.14210616926291794 0.0305023193359375 0.0767577382931231
0 0.7265625 0.09299049261493161 0.023773193359375 0.0619627422112462
0 0.5625 0.3680661094224924 0.052825927734375 0.06553394816204407
0 0.477294921875 0.3480302526595745 0.0703125 0.08069997862841945
0 0.2110595703125 0.4163005794072948 0.097900390625 0.09591238839285714
0 0.42431640625 0.21538546020136778 0.060638427734375 0.09581962979673252
0 0.63623046875 0.4207529920212766 0.06396484375 0.08482773615596505
0 0.79052734375 0.38921506933890576 0.07196044921875 0.08144204739741641
0 0.2822265625 0.3866178286474164 0.06854248046875 0.11075376377279635
0 0.87939453125 0.580297777355623 0.11376953125 0.09786031891147416
0 0.603515625 0.6237088003419453 0.1153564453125 0.1516603046637538
0 0.37451171875 0.7732356572948328 0.1470947265625 0.22577442296732522