0 0.81640625 0.238826904296875 0.03460693359375 0.040669403076171874
0 0.76953125 0.22156494140625 0.03662109375 0.04834442138671875
0 0.437255859375 0.247130126953125 0.0325927734375 0.046541748046875
0 0.86572265625 0.1784100341796875 0.063720703125 0.07041351318359375
0 0.58740234375 0.201243896484375 0.03912353515625 0.053670501708984374
0 0.53662109375 0.22855712890625 0.03228759765625 0.045230712890625
0 0.93359375 0.232708740234375 0.0255584716796875 0.03597152709960937
0 0.399658203125 0.253466796875 0.027069091796875 0.038975982666015624
0 0.64501953125 0.2122784423828125 0.0531005859375 0.08041015625
0 0.482421875 0.23292724609375 0.030853271484375 0.04088790893554688
0 0.50244140625 0.223531494140625 0.024658203125 0.04389236450195313
0 0.278076171875 0.245382080078125 0.0226287841796875 0.036053466796875
0 0.9847259521484375 0.1886798095703125 0.030548095703125 0.0760400390625
0 0.9904251098632812 0.20758056640625 0.0191497802734375 0.06243804931640625
0 0.83837890625 0.2053955078125 0.01282501220703125 0.026261672973632813