0 0.421875 0.40140237894144143 0.0303802490234375 0.036314085081174924
0 0.247314453125 0.38160719313063063 0.0894775390625 0.08426700626407657
0 0.802734375 0.3933376736111111 0.07318115234375 0.0782642994557057
0 0.58447265625 0.38380665822072074 0.06719970703125 0.06635053021771772
0 0.498779296875 0.37574195289039036 0.035491943359375 0.04270628049924925
0 0.6650390625 0.39443740615615613 0.04486083984375 0.04765507695195195
0 0.7314453125 0.4340277777777778 0.0294189453125 0.04261463612049549
0 0.335205078125 0.4197312546921922 0.021453857421875 0.026393581081081082
0 0.54248046875 0.41056681681681684 0.0240936279296875 0.02245287279466967
0 0.4619140625 0.36254516234984985 0.0535888671875 0.0659839527027027
0 0.0177764892578125 0.4945130677552553 0.0196075439453125 0.01917658625422297
0 0.744140625 0.4226638748123123 0.007843017578125 0.022029017542933557