0 0.71484 0.2715568862275449 0.0261 0.02874251497005988
0 0.5654199999999999 0.38083832335329343 0.01272 0.016437125748502996
0 0.50488 0.37389221556886226 0.019059999999999997 0.0212874251497006
0 0.13636 0.25164670658682636 0.06684 0.0708682634730539
0 0.792 0.3250898203592814 0.01462 0.016946107784431137
0 0.86524 0.32838323353293414 0.014060000000000001 0.015508982035928143
0 0.64454 0.33368263473053894 0.012060000000000001 0.01338323353293413
0 0.9399400000000001 0.31523952095808383 0.01634 0.01964071856287425
0 0.38695999999999997 0.37425149700598803 0.02034 0.022844311377245508
0 0.8252 0.3238023952095809 0.013800000000000002 0.015718562874251496
0 0.8872000000000001 0.3369760479041916 0.023379999999999998 0.016377245508982036
0 0.91796 0.3187125748502994 0.01434 0.019191616766467065
0 0.9814400000000001 0.33532934131736525 0.02816 0.025718562874251498
0 0.77588 0.32491017964071855 0.014 0.01344311377245509
0 0.37232 0.34209580838323356 0.02076 0.02751497005988024
0 0.81656 0.32934131736526945 0.01438 0.0168562874251497