0 0.966796875 0.2522786458333333 0.06488037109375 0.10821836214539007
0 0.85986328125 0.3549562278368794 0.2220458984375 0.27617326019503546
0 0.11260986328125 0.4114029255319149 0.21630859375 0.22145805629432624
0 0.689453125 0.3021456671099291 0.07330322265625 0.10224470855496454
0 0.406494140625 0.28621592420212766 0.06878662109375 0.08744043661347518
0 0.5361328125 0.29192985372340424 0.0352783203125 0.04276789671985816
0 0.49755859375 0.28188718971631205 0.049957275390625 0.05146865303634752
0 0.560546875 0.24950825576241134 0.0234222412109375 0.029565256538120567
0 0.5595703125 0.2921030031028369 0.0243377685546875 0.038763817320478726
0 0.54345703125 0.14535890403368795 0.0162200927734375 0.02309379848182624
0 0.61572265625 0.14821586879432624 0.01483917236328125 0.024370775155141845
0 0.55224609375 0.20951074911347517 0.01812744140625 0.026210487311613476
0 0.60791015625 0.19912178634751773 0.0171051025390625 0.02846142924423759
0 0.5439453125 0.11176792442375887 0.0150146484375 0.01833219054742908
0 0.6513671875 0.2642259530141844 0.027435302734375 0.038244369182180854
0 0.63134765625 0.28656222296099293 0.0279083251953125 0.04343885056515957
0 0.61767578125 0.25747312721631205 0.019989013671875 0.03095045157358156
0 0.65087890625 0.29279560062056736 0.028656005859375 0.056316835660460994
0 0.5888671875 0.08445360981826242 0.0203704833984375 0.025561177138741134