0 0.91650390625 0.63794921875 0.061767578125 0.065185546875
0 0.389404296875 0.640556640625 0.060516357421875 0.06496826171875
0 0.720703125 0.6635888671875 0.057373046875 0.0808843994140625
0 0.85546875 0.6948779296875 0.08038330078125 0.10755615234375
0 0.279541015625 0.701396484375 0.04486083984375 0.06583740234375
0 0.1229248046875 0.628388671875 0.0635986328125 0.061165771484375
0 0.771484375 0.5766748046875 0.028656005859375 0.0368841552734375
0 0.7421875 0.60666015625 0.0229339599609375 0.02952362060546875
0 0.68798828125 0.5940576171875 0.02276611328125 0.03327178955078125
0 0.78857421875 0.7196484375 0.03289794921875 0.05149658203125
0 0.5908203125 0.702265625 0.0274810791015625 0.03397796630859375
0 0.86181640625 0.4975830078125 0.034027099609375 0.0388397216796875
0 0.8232421875 0.6505517578125 0.037811279296875 0.0547015380859375
0 0.80712890625 0.5601611328125 0.0318603515625 0.02908905029296875
0 0.9813156127929688 0.690966796875 0.0373687744140625 0.0591015625
0 0.71044921875 0.6123095703125 0.0162811279296875 0.023806304931640626