0 0.482177734375 0.4143880208333333 0.15478515625 0.14249674479166666
0 0.65380859375 0.4833984375 0.03265380859375 0.0345458984375
0 0.85986328125 0.4788411458333333 0.0276336669921875 0.026753743489583332
0 0.69580078125 0.4873046875 0.0230255126953125 0.022725423177083332
0 0.91650390625 0.4860026041666667 0.0214080810546875 0.020334879557291668
0 0.9840621948242188 0.5218098958333334 0.0318756103515625 0.059122721354166664
0 0.327880859375 0.4651692708333333 0.0141143798828125 0.014149983723958334
0 0.25341796875 0.4755859375 0.01142120361328125 0.012359619140625
0 0.28076171875 0.4739583333333333 0.0121002197265625 0.012308756510416666
0 0.1439208984375 0.4651692708333333 0.0160980224609375 0.014882405598958334
0 0.1983642578125 0.4680989583333333 0.012481689453125 0.012074788411458334
0 0.109130859375 0.4635416666666667 0.01024627685546875 0.010538736979166666
0 0.1279296875 0.4674479166666667 0.01056671142578125 0.010101318359375
0 0.1851806640625 0.4700520833333333 0.011871337890625 0.013346354166666666
0 0.2352294921875 0.4680989583333333 0.0117340087890625 0.013559977213541666
0 0.1705322265625 0.4694010416666667 0.01348114013671875 0.014088948567708334