0 0.71582 0.40948484848484845 0.065 0.09581818181818182
0 0.8520599999999999 0.295 0.07740000000000001 0.07884848484848485
0 0.80372 0.39581818181818185 0.08758 0.08742424242424243
0 0.68408 0.30833333333333335 0.06842000000000001 0.07254545454545455
0 0.63624 0.2643030303030303 0.05292 0.056363636363636366
0 0.5229400000000001 0.3233030303030303 0.0752 0.08166666666666667
0 0.47022 0.5423030303030303 0.13782 0.18339393939393941
0 0.65576 0.5145454545454545 0.10108 0.10984848484848485
0 0.18384 0.6262727272727272 0.13 0.19975757575757577
0 0.8545 0.4716363636363636 0.16748 0.17506060606060608
0 0.1388 0.38027272727272726 0.10876000000000001 0.11975757575757577
0 0.53906 0.4442727272727273 0.1009 0.12309090909090908
0 0.33814 0.8396969696969697 0.15918000000000002 0.27593939393939393