0 0.045964285714285714 0.3423529411764706 0.04296428571428571 0.045828877005347594
0 0.8569285714285714 0.4280748663101604 0.0485 0.05342245989304813
0 0.22864285714285712 0.05545454545454545 0.0315 0.043903743315508025
0 0.8286071428571429 0.21475935828877005 0.038535714285714284 0.04652406417112299
0 0.38989285714285715 0.11112299465240642 0.03817857142857143 0.05058823529411765
0 0.964857142857143 0.18860962566844922 0.04442857142857143 0.04898395721925134
0 0.17992857142857144 0.05048128342245989 0.02989285714285714 0.039251336898395724
0 0.17907142857142858 0.43026737967914436 0.044000000000000004 0.05598930481283423
0 0.5473571428571429 0.11732620320855616 0.02989285714285714 0.036149732620320854
0 0.07121428571428572 0.2913368983957219 0.03782142857142857 0.05042780748663101
0 0.20850000000000002 0.28090909090909094 0.041 0.04320855614973262
0 0.6616071428571428 0.01053475935828877 0.028428571428571428 0.020962566844919785
0 0.7666071428571429 0.010427807486631016 0.02810714285714286 0.020481283422459893
0 0.6997142857142856 0.27909090909090906 0.025142857142857144 0.04818181818181818