0 0.5537109375 0.4174730929003021 0.02203369140625 0.022772935942220542
0 0.52001953125 0.4204234327794562 0.02191162109375 0.022772935942220542
0 0.63525390625 0.35035286064954685 0.0379638671875 0.06476918015955438
0 0.90283203125 0.31882110319108764 0.1300048828125 0.1336872757741692
0 0.1334228515625 0.3872321091389728 0.09332275390625 0.08878679073829306
0 0.372314453125 0.40899086574773413 0.06109619140625 0.06914859091767371
0 0.0521240234375 0.30812612112915405 0.104248046875 0.12926176595543806
0 0.7822265625 0.3645513713179758 0.0782470703125 0.08717332361688067
0 0.4404296875 0.32656574537386707 0.09912109375 0.10427607510385196
0 0.318603515625 0.2730908350641994 0.11859130859375 0.10658102813444109
0 0.5615234375 0.42374256514350456 0.0164031982421875 0.025170087094033233