0 0.50927734375 0.4944661458333333 0.037750244140625 0.037556966145833336
0 0.68310546875 0.5201822916666666 0.015838623046875 0.033182779947916664
0 0.2171630859375 0.533203125 0.0401611328125 0.041666666666666664
0 0.81982421875 0.5322265625 0.03656005859375 0.040751139322916664
0 0.33447265625 0.5260416666666666 0.017303466796875 0.026652018229166668
0 0.607421875 0.51953125 0.044097900390625 0.042399088541666664
0 0.300537109375 0.4658203125 0.06097412109375 0.059122721354166664
0 0.466064453125 0.5104166666666666 0.054107666015625 0.057169596354166664
0 0.1077880859375 0.5052083333333334 0.039703369140625 0.038716634114583336
0 0.73046875 0.4609375 0.09466552734375 0.08251953125
0 0.392333984375 0.4837239583333333 0.102294921875 0.092529296875