0 0.50732 0.4544578313253012 0.02932 0.031987951807228916
0 0.7011799999999999 0.43385542168674696 0.0355 0.03521084337349398
0 0.93408 0.4320180722891567 0.036340000000000004 0.03274096385542168
0 0.7539 0.371355421686747 0.046380000000000005 0.04015060240963855
0 0.57374 0.5114457831325302 0.02646 0.02783132530120482
0 0.6206 0.44012048192771086 0.02898 0.027680722891566263
0 0.90088 0.5353313253012048 0.02514 0.03156626506024097
0 0.55322 0.480933734939759 0.026760000000000003 0.029367469879518073
0 0.8520599999999999 0.488644578313253 0.01724 0.03328313253012048
0 0.9950800000000001 0.4128915662650603 0.00984 0.03325301204819277
0 0.73584 0.5327710843373494 0.013800000000000002 0.022530120481927714
0 0.32812 0.5114457831325302 0.023379999999999998 0.02957831325301205
0 0.6725 0.4725301204819277 0.018760000000000002 0.024487951807228917