0 0.22571729957805906 0.5702208201892744 0.023860759493670888 0.02971608832807571
0 0.6738185654008438 0.5723974763406939 0.02280590717299578 0.028643533123028392
0 0.48120253164556964 0.564006309148265 0.023649789029535868 0.027570977917981073
0 0.3408227848101266 0.5709463722397476 0.022848101265822787 0.03176656151419559
0 0.06476793248945148 0.5990536277602524 0.03656118143459915 0.04100946372239748
0 0.8100632911392406 0.5384542586750789 0.025379746835443036 0.024794952681388014
0 0.7690506329113923 0.5370031545741325 0.025759493670886077 0.027476340694006313
0 0.4089451476793249 0.5979495268138801 0.024746835443037976 0.03744479495268139
0 0.6459915611814345 0.576782334384858 0.01877637130801688 0.025394321766561517
0 0.3217721518987342 0.5508832807570978 0.02037974683544304 0.024605678233438486
0 0.09447257383966245 0.5866561514195584 0.026962025316455696 0.03302839116719243
0 0.5307594936708862 0.6242586750788643 0.014388185654008439 0.015394321766561515
0 0.22765822784810125 0.551230283911672 0.019767932489451474 0.019400630914826498
0 0.6108438818565401 0.6249842271293375 0.012004219409282701 0.013753943217665616