0 0.71337890625 0.4462389067220544 0.0289306640625 0.023118678896808912
0 0.53076171875 0.45398354890483383 0.0237274169921875 0.02544668145770393
0 0.869140625 0.46873524830060426 0.0261993408203125 0.025170087094033233
0 0.6923828125 0.4550899263595166 0.0153045654296875 0.019292456866030965
0 0.61767578125 0.45287717145015105 0.02191162109375 0.0215743603663142
0 0.35693359375 0.3750619571374622 0.07684326171875 0.08094995043429003
0 0.66259765625 0.4561963038141994 0.036285400390625 0.0378934278228852
0 0.560546875 0.3776435045317221 0.06951904296875 0.07255992140294562
0 0.217529296875 0.3828065993202417 0.06732177734375 0.0681344115842145
0 0.429443359375 0.41968584780966767 0.045257568359375 0.04951039109705438
0 0.76953125 0.34887769070996977 0.08135986328125 0.07716982746412386
0 0.60693359375 0.4679976633308157 0.0242767333984375 0.0286736157005287