0 0.39501953125 0.11430220170454546 0.0322265625 0.036366780598958336
0 0.86865234375 0.03176602450284091 0.0218658447265625 0.023015340169270832
0 0.35302734375 0.10403719815340909 0.0169219970703125 0.020345052083333332
0 0.765625 0.04108313358191288 0.040313720703125 0.041869192412405304
0 0.73388671875 0.021061752781723484 0.043609619140625 0.04078258167613636
0 0.81787109375 0.056966145833333336 0.0206451416015625 0.029246012369791668
0 0.8876953125 0.05012281013257576 0.01763916015625 0.022576071999289772
0 0.19677734375 0.1859722715435606 0.0162200927734375 0.018472382516571968
0 0.4853515625 0.08887088660037878 0.00989532470703125 0.0133514404296875
0 0.10174560546875 0.13695919152462122 0.011962890625 0.015767415364583332
0 0.80712890625 0.050492720170454544 0.0118255615234375 0.019350918856534092
0 0.41064453125 0.10329737807765152 0.00963592529296875 0.01264629941998106
0 0.419921875 0.3872958096590909 0.06793212890625 0.09409586588541667
0 0.2049560546875 0.14297022964015152 0.01009368896484375 0.012068314985795454
0 0.60888671875 0.39173473011363635 0.054901123046875 0.09238503196022728
0 0.57177734375 0.08091782078598485 0.00997161865234375 0.012796575372869318
0 0.0207672119140625 0.17663204308712122 0.00818634033203125 0.010918125961766098
0 0.58837890625 0.12244022253787878 0.0097808837890625 0.013143366033380682
0 0.23388671875 0.13168797348484848 0.00955963134765625 0.01179666230172822