0 0.5459 0.14206766917293231 0.034375 0.04447368421052632
0 0.84815 0.09289473684210527 0.046475 0.08060150375939851
0 0.2234 0.15466165413533836 0.033549999999999996 0.04007518796992481
0 0.251225 0.1783458646616541 0.038025 0.04612781954887218
0 0.5957 0.07417293233082707 0.058225 0.06819548872180452
0 0.35595 0.16868421052631577 0.032475000000000004 0.05097744360902256
0 0.317875 0.17293233082706766 0.027475 0.03086466165413534
0 0.41845 0.2026691729323308 0.12085000000000001 0.16466165413533834
0 0.9272499999999999 0.08424812030075188 0.120675 0.13218045112781954
0 0.18445 0.16015037593984963 0.055 0.06578947368421052
0 0.98125 0.0474812030075188 0.0325 0.09492481203007519
0 0.486575 0.1080827067669173 0.080625 0.06390977443609022
0 0.75375 0.07473684210526316 0.1625 0.1400375939849624