0 0.525390625 0.6335015833025148 0.049407958984375 0.055622349123982985
0 0.85791015625 0.28603457840236685 0.0251312255859375 0.02545463968310836
0 0.1514892578125 0.39394762389053256 0.02276611328125 0.02277306551058617
0 0.21337890625 0.4472540680473373 0.024932861328125 0.024642041449010724
0 0.744140625 0.3747703055658284 0.0234222412109375 0.022183931790865384
0 0.08404541015625 0.3229265382303994 0.023193359375 0.022955900113258137
0 0.67138671875 0.4258014746671598 0.021087646484375 0.022874640289848373
0 0.297607421875 0.47813280094304733 0.0229339599609375 0.022265191614275148
0 0.59814453125 0.5119368874815089 0.021209716796875 0.02277306551058617
0 0.69287109375 0.46545626849112426 0.03253173828125 0.031589756350545485
0 0.8369140625 0.7007847170857988 0.06536865234375 0.06699872440134985