0 0.1087646484375 0.34055051144894893 0.05450439453125 0.05700280358483484
0 0.040771484375 0.39920291385135137 0.024932861328125 0.028226468656156155
0 0.2305908203125 0.3528308582019519 0.06475830078125 0.06062275654560811
0 0.475830078125 0.36474462743993996 0.053802490234375 0.054803338494744745
0 0.337890625 0.3636448948948949 0.0509033203125 0.057415203289226724
0 0.01016998291015625 0.40910050675675674 0.019683837890625 0.021192762586805556
0 0.1915283203125 0.37610853040540543 0.0248870849609375 0.035168530346753005
0 0.283203125 0.3852729682807808 0.028106689453125 0.035168530346753005
0 0.89697265625 0.38270692567567566 0.048126220703125 0.049762897663288286
0 0.7666015625 0.3726260440127628 0.03985595703125 0.04676154425910285
0 0.82275390625 0.37574195289039036 0.0197906494140625 0.022979827972503752
0 0.152587890625 0.39480398367117114 0.0189361572265625 0.019852463547531906
0 0.6201171875 0.36291173986486486 0.047088623046875 0.05264969559403153
0 0.0802001953125 0.40360184403153154 0.019866943359375 0.02024195215723536
0 0.1688232421875 0.3981031813063063 0.01473236083984375 0.018661086623733107
0 0.6474609375 0.3951705611861862 0.021484375 0.03537473019894895
0 0.68310546875 0.3860061233108108 0.044342041015625 0.05691115920608108
0 0.4482421875 0.39590371621621623 0.00945281982421875 0.02128440696555931